1 0.622222 0.796875 0.0472222 0.0416667
2 0.3625 0.69375 0.147222 0.2625
1 0.619444 0.554167 0.0277778 0.0229167
1 0.570139 0.59375 0.0736111 0.0395833
1 0.525 0.55625 0.0444444 0.0291667
1 0.525694 0.681771 0.0597222 0.0510417
2 0.790278 0.726562 0.130556 0.113542
1 0.102083 0.709375 0.0680556 0.08125
2 0.563194 0.116667 0.1125 0.145833
0 0.281944 0.289062 0.175 0.101042
2 0.188889 0.8625 0.377778 0.275
1 0.516667 0.218229 0.0916667 0.0572917
1 0.379861 0.778646 0.0680556 0.0739583
1 0.620833 0.503646 0.0583333 0.0364583
1 0.365972 0.753125 0.109722 0.145833
1 0.683333 0.459896 0.0555556 0.0447917
1 0.55 0.585938 0.075 0.040625
2 0.282639 0.290104 0.170833 0.0927083
2 0.0993056 0.715104 0.0791667 0.0864583
2 0.516667 0.219271 0.0972222 0.059375
2 0.546528 0.635938 0.131944 0.157292
2 0.3625 0.746354 0.111111 0.148958
2 0.577778 0.396354 0.25 0.151042
2 0.592361 0.818229 0.115278 0.140625
