1 0.1 0.722396 0.0333333 0.0364583
1 0.243056 0.605729 0.0944444 0.0510417
1 0.309028 0.553646 0.0791667 0.040625
1 0.296528 0.694271 0.0458333 0.0697917
1 0.496528 0.663021 0.0347222 0.028125
1 0.649306 0.519792 0.0680556 0.0604167
1 0.521528 0.684896 0.0458333 0.071875
1 0.351389 0.493229 0.141667 0.0885417
1 0.305556 0.678125 0.0416667 0.0604167
1 0.197222 0.615104 0.152778 0.071875
1 0.270833 0.5875 0.111111 0.075
1 0.173611 0.633854 0.0972222 0.059375
2 0.611806 0.347396 0.0625 0.0552083
1 0.531944 0.696354 0.0416667 0.0447917
1 0.504167 0.658854 0.0472222 0.046875
1 0.376389 0.494271 0.0916667 0.059375
1 0.317361 0.6625 0.0319444 0.0333333
1 0.684722 0.723958 0.0666667 0.0208333
1 0.354167 0.50625 0.0805556 0.0541667
0 0.0423611 0.271354 0.0847222 0.234375
2 0.731944 0.617188 0.0972222 0.115625
1 0.0930556 0.733333 0.0388889 0.0416667
2 0.165972 0.589063 0.226389 0.123958
2 0.652083 0.520833 0.0847222 0.0645833
2 0.34375 0.473437 0.168056 0.130208
2 0.6 0.742708 0.383333 0.358333
